(kicad_pcb (version 20171130) (host pcbnew 5.0.0-fee4fd1~66~ubuntu18.04.1)

  (general
    (thickness 1.6)
    (drawings 56)
    (tracks 574)
    (zones 0)
    (modules 45)
    (nets 116)
  )

  (page A4)
  (layers
    (0 F.Cu signal)
    (31 B.Cu signal)
    (32 B.Adhes user)
    (33 F.Adhes user)
    (34 B.Paste user)
    (35 F.Paste user)
    (36 B.SilkS user)
    (37 F.SilkS user)
    (38 B.Mask user)
    (39 F.Mask user)
    (40 Dwgs.User user hide)
    (41 Cmts.User user)
    (42 Eco1.User user)
    (43 Eco2.User user)
    (44 Edge.Cuts user)
    (45 Margin user)
    (46 B.CrtYd user)
    (47 F.CrtYd user)
    (48 B.Fab user)
    (49 F.Fab user)
  )

  (setup
    (last_trace_width 0.25)
    (trace_clearance 0.2)
    (zone_clearance 0.508)
    (zone_45_only no)
    (trace_min 0.2)
    (segment_width 0.2)
    (edge_width 0.15)
    (via_size 0.8)
    (via_drill 0.4)
    (via_min_size 0.4)
    (via_min_drill 0.3)
    (uvia_size 0.3)
    (uvia_drill 0.1)
    (uvias_allowed no)
    (uvia_min_size 0.2)
    (uvia_min_drill 0.1)
    (pcb_text_width 0.3)
    (pcb_text_size 1.5 1.5)
    (mod_edge_width 0.15)
    (mod_text_size 1 1)
    (mod_text_width 0.15)
    (pad_size 1.524 1.524)
    (pad_drill 0.762)
    (pad_to_mask_clearance 0.2)
    (aux_axis_origin 0 0)
    (visible_elements FEFFAEE7)
    (pcbplotparams
      (layerselection 0x010fc_ffffffff)
      (usegerberextensions false)
      (usegerberattributes false)
      (usegerberadvancedattributes false)
      (creategerberjobfile false)
      (excludeedgelayer true)
      (linewidth 0.100000)
      (plotframeref false)
      (viasonmask false)
      (mode 1)
      (useauxorigin false)
      (hpglpennumber 1)
      (hpglpenspeed 20)
      (hpglpendiameter 15.000000)
      (psnegative false)
      (psa4output false)
      (plotreference true)
      (plotvalue true)
      (plotinvisibletext false)
      (padsonsilk false)
      (subtractmaskfromsilk false)
      (outputformat 1)
      (mirror false)
      (drillshape 0)
      (scaleselection 1)
      (outputdirectory "Gerber/"))
  )

  (net 0 "")
  (net 1 GND)
  (net 2 +3V3)
  (net 3 "Net-(D1-Pad1)")
  (net 4 "Net-(D1-Pad2)")
  (net 5 "Net-(D2-Pad2)")
  (net 6 "Net-(D2-Pad1)")
  (net 7 "/C-D/serial/AngleRS485B(+)")
  (net 8 "/C-D/serial/AngleRS485A(-)")
  (net 9 "/C-D/RS485B(+)")
  (net 10 "/C-D/RS485A(-)")
  (net 11 /RX)
  (net 12 /TX)
  (net 13 "Net-(J2-Pad1)")
  (net 14 "Net-(J2-Pad3)")
  (net 15 "Net-(J2-Pad5)")
  (net 16 "Net-(J2-Pad6)")
  (net 17 "Net-(J2-Pad7)")
  (net 18 "Net-(J2-Pad8)")
  (net 19 "Net-(J3-Pad2)")
  (net 20 "Net-(J3-Pad3)")
  (net 21 "Net-(J3-Pad4)")
  (net 22 "Net-(J3-Pad5)")
  (net 23 "Net-(J3-Pad6)")
  (net 24 +24V)
  (net 25 /GPIOE/EastLimit)
  (net 26 /GPIOE/WestLimit)
  (net 27 "Net-(R1-Pad2)")
  (net 28 "Net-(R2-Pad2)")
  (net 29 "Net-(R3-Pad2)")
  (net 30 "Net-(R4-Pad2)")
  (net 31 "Net-(U1-Pad1)")
  (net 32 /GPIOE/GoEast)
  (net 33 /GPIOE/CurrentSense)
  (net 34 "Net-(U1-Pad7)")
  (net 35 "Net-(U1-Pad8)")
  (net 36 "Net-(U1-Pad9)")
  (net 37 "Net-(U1-Pad10)")
  (net 38 "Net-(U1-Pad11)")
  (net 39 "Net-(U1-Pad12)")
  (net 40 "Net-(U1-Pad13)")
  (net 41 "Net-(U1-Pad14)")
  (net 42 "Net-(U1-Pad15)")
  (net 43 "Net-(U1-Pad16)")
  (net 44 "Net-(U1-Pad17)")
  (net 45 "Net-(U1-Pad18)")
  (net 46 "Net-(U1-Pad19)")
  (net 47 "Net-(U1-Pad23)")
  (net 48 "Net-(U1-Pad24)")
  (net 49 "Net-(U1-Pad27)")
  (net 50 "Net-(U1-Pad29)")
  (net 51 "Net-(U1-Pad30)")
  (net 52 "Net-(U1-Pad31)")
  (net 53 "Net-(U1-Pad32)")
  (net 54 "Net-(U1-Pad33)")
  (net 55 "Net-(U1-Pad34)")
  (net 56 "Net-(U1-Pad35)")
  (net 57 "Net-(U1-Pad36)")
  (net 58 "Net-(U1-Pad37)")
  (net 59 /GPIOE/GoWest)
  (net 60 "Net-(U1-Pad39)")
  (net 61 "Net-(U1-Pad40)")
  (net 62 "Net-(U1-Pad41)")
  (net 63 "Net-(U1-Pad42)")
  (net 64 "Net-(U1-Pad43)")
  (net 65 "Net-(U1-Pad44)")
  (net 66 "Net-(U1-Pad45)")
  (net 67 "Net-(U1-Pad46)")
  (net 68 "Net-(U1-Pad47)")
  (net 69 "Net-(U1-Pad48)")
  (net 70 "Net-(U1-Pad51)")
  (net 71 "Net-(U1-Pad52)")
  (net 72 "Net-(U1-Pad53)")
  (net 73 "Net-(U1-Pad54)")
  (net 74 /C-D/serial/TX)
  (net 75 /C-D/serial/RX)
  (net 76 /C-D/serial/TX_en)
  (net 77 "Net-(U1-Pad58)")
  (net 78 "Net-(U1-Pad59)")
  (net 79 "Net-(U1-Pad60)")
  (net 80 "Net-(U1-Pad61)")
  (net 81 "Net-(U1-Pad62)")
  (net 82 "Net-(U1-Pad63)")
  (net 83 "Net-(U1-Pad64)")
  (net 84 "Net-(U1-Pad65)")
  (net 85 "Net-(U1-Pad66)")
  (net 86 "Net-(U1-Pad67)")
  (net 87 "Net-(U1-Pad68)")
  (net 88 "Net-(U1-Pad69)")
  (net 89 "Net-(U1-Pad70)")
  (net 90 "Net-(U1-Pad71)")
  (net 91 "Net-(U1-Pad73)")
  (net 92 "Net-(U1-Pad77)")
  (net 93 /C-D/serial/AngleTX)
  (net 94 /C-D/serial/AngleRX)
  (net 95 /C-D/serial/AngleTX_en)
  (net 96 "Net-(U1-Pad89)")
  (net 97 "Net-(U1-Pad90)")
  (net 98 "Net-(U1-Pad91)")
  (net 99 "Net-(U1-Pad95)")
  (net 100 "Net-(U1-Pad96)")
  (net 101 "Net-(U1-Pad97)")
  (net 102 "Net-(U1-Pad98)")
  (net 103 "Net-(U5-Pad2)")
  (net 104 "Net-(U5-Pad5)")
  (net 105 "Net-(J1-Pad3)")
  (net 106 "Net-(J1-Pad6)")
  (net 107 "Net-(J7-Pad1)")
  (net 108 "Net-(SW1-Pad1)")
  (net 109 "Net-(SW1-Pad2)")
  (net 110 "Net-(SW1-Pad3)")
  (net 111 "Net-(SW1-Pad4)")
  (net 112 "Net-(SW1-Pad5)")
  (net 113 "Net-(SW1-Pad6)")
  (net 114 "Net-(SW1-Pad7)")
  (net 115 "Net-(SW1-Pad8)")

  (net_class Default "This is the default net class."
    (clearance 0.2)
    (trace_width 0.25)
    (via_dia 0.8)
    (via_drill 0.4)
    (uvia_dia 0.3)
    (uvia_drill 0.1)
    (add_net +24V)
    (add_net +3V3)
    (add_net "/C-D/RS485A(-)")
    (add_net "/C-D/RS485B(+)")
    (add_net "/C-D/serial/AngleRS485A(-)")
    (add_net "/C-D/serial/AngleRS485B(+)")
    (add_net /C-D/serial/AngleRX)
    (add_net /C-D/serial/AngleTX)
    (add_net /C-D/serial/AngleTX_en)
    (add_net /C-D/serial/RX)
    (add_net /C-D/serial/TX)
    (add_net /C-D/serial/TX_en)
    (add_net /GPIOE/CurrentSense)
    (add_net /GPIOE/EastLimit)
    (add_net /GPIOE/GoEast)
    (add_net /GPIOE/GoWest)
    (add_net /GPIOE/WestLimit)
    (add_net /RX)
    (add_net /TX)
    (add_net GND)
    (add_net "Net-(D1-Pad1)")
    (add_net "Net-(D1-Pad2)")
    (add_net "Net-(D2-Pad1)")
    (add_net "Net-(D2-Pad2)")
    (add_net "Net-(J1-Pad3)")
    (add_net "Net-(J1-Pad6)")
    (add_net "Net-(J2-Pad1)")
    (add_net "Net-(J2-Pad3)")
    (add_net "Net-(J2-Pad5)")
    (add_net "Net-(J2-Pad6)")
    (add_net "Net-(J2-Pad7)")
    (add_net "Net-(J2-Pad8)")
    (add_net "Net-(J3-Pad2)")
    (add_net "Net-(J3-Pad3)")
    (add_net "Net-(J3-Pad4)")
    (add_net "Net-(J3-Pad5)")
    (add_net "Net-(J3-Pad6)")
    (add_net "Net-(J7-Pad1)")
    (add_net "Net-(R1-Pad2)")
    (add_net "Net-(R2-Pad2)")
    (add_net "Net-(R3-Pad2)")
    (add_net "Net-(R4-Pad2)")
    (add_net "Net-(SW1-Pad1)")
    (add_net "Net-(SW1-Pad2)")
    (add_net "Net-(SW1-Pad3)")
    (add_net "Net-(SW1-Pad4)")
    (add_net "Net-(SW1-Pad5)")
    (add_net "Net-(SW1-Pad6)")
    (add_net "Net-(SW1-Pad7)")
    (add_net "Net-(SW1-Pad8)")
    (add_net "Net-(U1-Pad1)")
    (add_net "Net-(U1-Pad10)")
    (add_net "Net-(U1-Pad11)")
    (add_net "Net-(U1-Pad12)")
    (add_net "Net-(U1-Pad13)")
    (add_net "Net-(U1-Pad14)")
    (add_net "Net-(U1-Pad15)")
    (add_net "Net-(U1-Pad16)")
    (add_net "Net-(U1-Pad17)")
    (add_net "Net-(U1-Pad18)")
    (add_net "Net-(U1-Pad19)")
    (add_net "Net-(U1-Pad23)")
    (add_net "Net-(U1-Pad24)")
    (add_net "Net-(U1-Pad27)")
    (add_net "Net-(U1-Pad29)")
    (add_net "Net-(U1-Pad30)")
    (add_net "Net-(U1-Pad31)")
    (add_net "Net-(U1-Pad32)")
    (add_net "Net-(U1-Pad33)")
    (add_net "Net-(U1-Pad34)")
    (add_net "Net-(U1-Pad35)")
    (add_net "Net-(U1-Pad36)")
    (add_net "Net-(U1-Pad37)")
    (add_net "Net-(U1-Pad39)")
    (add_net "Net-(U1-Pad40)")
    (add_net "Net-(U1-Pad41)")
    (add_net "Net-(U1-Pad42)")
    (add_net "Net-(U1-Pad43)")
    (add_net "Net-(U1-Pad44)")
    (add_net "Net-(U1-Pad45)")
    (add_net "Net-(U1-Pad46)")
    (add_net "Net-(U1-Pad47)")
    (add_net "Net-(U1-Pad48)")
    (add_net "Net-(U1-Pad51)")
    (add_net "Net-(U1-Pad52)")
    (add_net "Net-(U1-Pad53)")
    (add_net "Net-(U1-Pad54)")
    (add_net "Net-(U1-Pad58)")
    (add_net "Net-(U1-Pad59)")
    (add_net "Net-(U1-Pad60)")
    (add_net "Net-(U1-Pad61)")
    (add_net "Net-(U1-Pad62)")
    (add_net "Net-(U1-Pad63)")
    (add_net "Net-(U1-Pad64)")
    (add_net "Net-(U1-Pad65)")
    (add_net "Net-(U1-Pad66)")
    (add_net "Net-(U1-Pad67)")
    (add_net "Net-(U1-Pad68)")
    (add_net "Net-(U1-Pad69)")
    (add_net "Net-(U1-Pad7)")
    (add_net "Net-(U1-Pad70)")
    (add_net "Net-(U1-Pad71)")
    (add_net "Net-(U1-Pad73)")
    (add_net "Net-(U1-Pad77)")
    (add_net "Net-(U1-Pad8)")
    (add_net "Net-(U1-Pad89)")
    (add_net "Net-(U1-Pad9)")
    (add_net "Net-(U1-Pad90)")
    (add_net "Net-(U1-Pad91)")
    (add_net "Net-(U1-Pad95)")
    (add_net "Net-(U1-Pad96)")
    (add_net "Net-(U1-Pad97)")
    (add_net "Net-(U1-Pad98)")
    (add_net "Net-(U5-Pad2)")
    (add_net "Net-(U5-Pad5)")
  )

  (module "footprints:Pololu VNH5019 Breakout" (layer F.Cu) (tedit 5BA29BBB) (tstamp 5BA84C36)
    (at 153.8 111.8 180)
    (path /5BA26507/5BA265B2)
    (fp_text reference U5 (at 0.127 -1.651 180) (layer F.SilkS)
      (effects (font (size 1 1) (thickness 0.15)))
    )
    (fp_text value VNH5019 (at 0 -3.937 180) (layer F.Fab)
      (effects (font (size 1 1) (thickness 0.15)))
    )
    (fp_line (start -13.716 -33.782) (end 15.24 -33.782) (layer F.SilkS) (width 0.15))
    (fp_line (start 15.24 5.588) (end -13.716 5.588) (layer F.SilkS) (width 0.15))
    (fp_line (start 15.24 4.318) (end 15.24 5.588) (layer F.SilkS) (width 0.15))
    (fp_line (start -13.716 5.588) (end -13.716 4.318) (layer F.SilkS) (width 0.15))
    (fp_line (start 15.24 -33.782) (end 15.24 4.318) (layer F.SilkS) (width 0.15))
    (fp_line (start -13.716 4.318) (end -13.716 -33.782) (layer F.SilkS) (width 0.15))
    (pad "" thru_hole circle (at 11.43 -30.48 180) (size 2.413 2.413) (drill 2.159) (layers *.Cu *.Mask))
    (pad "" thru_hole circle (at -11.43 0 180) (size 2.413 2.413) (drill 2.159) (layers *.Cu *.Mask))
    (pad 10 thru_hole circle (at 11.43 3.81 180) (size 1.524 1.524) (drill 0.762) (layers *.Cu *.Mask)
      (net 1 GND))
    (pad 9 thru_hole circle (at 8.89 3.81 180) (size 1.524 1.524) (drill 0.762) (layers *.Cu *.Mask)
      (net 24 +24V))
    (pad 8 thru_hole circle (at 6.35 3.81 180) (size 1.524 1.524) (drill 0.762) (layers *.Cu *.Mask)
      (net 1 GND))
    (pad 7 thru_hole circle (at 3.81 3.81 180) (size 1.524 1.524) (drill 0.762) (layers *.Cu *.Mask)
      (net 2 +3V3))
    (pad 6 thru_hole circle (at 1.27 3.81 180) (size 1.524 1.524) (drill 0.762) (layers *.Cu *.Mask)
      (net 32 /GPIOE/GoEast))
    (pad 5 thru_hole circle (at -1.27 3.81 180) (size 1.524 1.524) (drill 0.762) (layers *.Cu *.Mask)
      (net 104 "Net-(U5-Pad5)"))
    (pad 4 thru_hole circle (at -3.81 3.81 180) (size 1.524 1.524) (drill 0.762) (layers *.Cu *.Mask)
      (net 59 /GPIOE/GoWest))
    (pad 3 thru_hole circle (at -6.35 3.81 180) (size 1.524 1.524) (drill 0.762) (layers *.Cu *.Mask)
      (net 2 +3V3))
    (pad 2 thru_hole circle (at -8.89 3.81 180) (size 1.524 1.524) (drill 0.762) (layers *.Cu *.Mask)
      (net 103 "Net-(U5-Pad2)"))
    (pad 1 thru_hole circle (at -11.43 3.81 180) (size 1.524 1.524) (drill 0.762) (layers *.Cu *.Mask)
      (net 33 /GPIOE/CurrentSense))
  )

  (module Capacitor_SMD:C_1206_3216Metric (layer F.Cu) (tedit 5B301BBE) (tstamp 5BA84450)
    (at 139.7 44.1)
    (descr "Capacitor SMD 1206 (3216 Metric), square (rectangular) end terminal, IPC_7351 nominal, (Body size source: http://www.tortai-tech.com/upload/download/2011102023233369053.pdf), generated with kicad-footprint-generator")
    (tags capacitor)
    (path /5B9BD512/5B9BD753)
    (attr smd)
    (fp_text reference C1 (at 0 -1.82) (layer F.SilkS)
      (effects (font (size 1 1) (thickness 0.15)))
    )
    (fp_text value 1uF (at 0 1.82) (layer F.Fab)
      (effects (font (size 1 1) (thickness 0.15)))
    )
    (fp_text user %R (at 0 0) (layer F.Fab)
      (effects (font (size 0.8 0.8) (thickness 0.12)))
    )
    (fp_line (start 2.28 1.12) (end -2.28 1.12) (layer F.CrtYd) (width 0.05))
    (fp_line (start 2.28 -1.12) (end 2.28 1.12) (layer F.CrtYd) (width 0.05))
    (fp_line (start -2.28 -1.12) (end 2.28 -1.12) (layer F.CrtYd) (width 0.05))
    (fp_line (start -2.28 1.12) (end -2.28 -1.12) (layer F.CrtYd) (width 0.05))
    (fp_line (start -0.602064 0.91) (end 0.602064 0.91) (layer F.SilkS) (width 0.12))
    (fp_line (start -0.602064 -0.91) (end 0.602064 -0.91) (layer F.SilkS) (width 0.12))
    (fp_line (start 1.6 0.8) (end -1.6 0.8) (layer F.Fab) (width 0.1))
    (fp_line (start 1.6 -0.8) (end 1.6 0.8) (layer F.Fab) (width 0.1))
    (fp_line (start -1.6 -0.8) (end 1.6 -0.8) (layer F.Fab) (width 0.1))
    (fp_line (start -1.6 0.8) (end -1.6 -0.8) (layer F.Fab) (width 0.1))
    (pad 2 smd roundrect (at 1.4 0) (size 1.25 1.75) (layers F.Cu F.Paste F.Mask) (roundrect_rratio 0.2)
      (net 1 GND))
    (pad 1 smd roundrect (at -1.4 0) (size 1.25 1.75) (layers F.Cu F.Paste F.Mask) (roundrect_rratio 0.2)
      (net 2 +3V3))
    (model ${KISYS3DMOD}/Capacitor_SMD.3dshapes/C_1206_3216Metric.wrl
      (at (xyz 0 0 0))
      (scale (xyz 1 1 1))
      (rotate (xyz 0 0 0))
    )
  )

  (module Capacitor_SMD:C_1206_3216Metric (layer F.Cu) (tedit 5B301BBE) (tstamp 5BA84E82)
    (at 147.3 44.1 180)
    (descr "Capacitor SMD 1206 (3216 Metric), square (rectangular) end terminal, IPC_7351 nominal, (Body size source: http://www.tortai-tech.com/upload/download/2011102023233369053.pdf), generated with kicad-footprint-generator")
    (tags capacitor)
    (path /5B9BD512/5B9BD754)
    (attr smd)
    (fp_text reference C2 (at 0 -1.82 180) (layer F.SilkS)
      (effects (font (size 1 1) (thickness 0.15)))
    )
    (fp_text value .1uF (at 0 1.82 180) (layer F.Fab)
      (effects (font (size 1 1) (thickness 0.15)))
    )
    (fp_line (start -1.6 0.8) (end -1.6 -0.8) (layer F.Fab) (width 0.1))
    (fp_line (start -1.6 -0.8) (end 1.6 -0.8) (layer F.Fab) (width 0.1))
    (fp_line (start 1.6 -0.8) (end 1.6 0.8) (layer F.Fab) (width 0.1))
    (fp_line (start 1.6 0.8) (end -1.6 0.8) (layer F.Fab) (width 0.1))
    (fp_line (start -0.602064 -0.91) (end 0.602064 -0.91) (layer F.SilkS) (width 0.12))
    (fp_line (start -0.602064 0.91) (end 0.602064 0.91) (layer F.SilkS) (width 0.12))
    (fp_line (start -2.28 1.12) (end -2.28 -1.12) (layer F.CrtYd) (width 0.05))
    (fp_line (start -2.28 -1.12) (end 2.28 -1.12) (layer F.CrtYd) (width 0.05))
    (fp_line (start 2.28 -1.12) (end 2.28 1.12) (layer F.CrtYd) (width 0.05))
    (fp_line (start 2.28 1.12) (end -2.28 1.12) (layer F.CrtYd) (width 0.05))
    (fp_text user %R (at 0 0 180) (layer F.Fab)
      (effects (font (size 0.8 0.8) (thickness 0.12)))
    )
    (pad 1 smd roundrect (at -1.4 0 180) (size 1.25 1.75) (layers F.Cu F.Paste F.Mask) (roundrect_rratio 0.2)
      (net 2 +3V3))
    (pad 2 smd roundrect (at 1.4 0 180) (size 1.25 1.75) (layers F.Cu F.Paste F.Mask) (roundrect_rratio 0.2)
      (net 1 GND))
    (model ${KISYS3DMOD}/Capacitor_SMD.3dshapes/C_1206_3216Metric.wrl
      (at (xyz 0 0 0))
      (scale (xyz 1 1 1))
      (rotate (xyz 0 0 0))
    )
  )

  (module Capacitor_SMD:C_1206_3216Metric (layer F.Cu) (tedit 5B301BBE) (tstamp 5BA84E52)
    (at 132 52.7 90)
    (descr "Capacitor SMD 1206 (3216 Metric), square (rectangular) end terminal, IPC_7351 nominal, (Body size source: http://www.tortai-tech.com/upload/download/2011102023233369053.pdf), generated with kicad-footprint-generator")
    (tags capacitor)
    (path /5B9BD512/5B9BD755)
    (attr smd)
    (fp_text reference C3 (at 0 -1.82 90) (layer F.SilkS)
      (effects (font (size 1 1) (thickness 0.15)))
    )
    (fp_text value 1uF (at 0 1.82 90) (layer F.Fab)
      (effects (font (size 1 1) (thickness 0.15)))
    )
    (fp_text user %R (at 0 0 90) (layer F.Fab)
      (effects (font (size 0.8 0.8) (thickness 0.12)))
    )
    (fp_line (start 2.28 1.12) (end -2.28 1.12) (layer F.CrtYd) (width 0.05))
    (fp_line (start 2.28 -1.12) (end 2.28 1.12) (layer F.CrtYd) (width 0.05))
    (fp_line (start -2.28 -1.12) (end 2.28 -1.12) (layer F.CrtYd) (width 0.05))
    (fp_line (start -2.28 1.12) (end -2.28 -1.12) (layer F.CrtYd) (width 0.05))
    (fp_line (start -0.602064 0.91) (end 0.602064 0.91) (layer F.SilkS) (width 0.12))
    (fp_line (start -0.602064 -0.91) (end 0.602064 -0.91) (layer F.SilkS) (width 0.12))
    (fp_line (start 1.6 0.8) (end -1.6 0.8) (layer F.Fab) (width 0.1))
    (fp_line (start 1.6 -0.8) (end 1.6 0.8) (layer F.Fab) (width 0.1))
    (fp_line (start -1.6 -0.8) (end 1.6 -0.8) (layer F.Fab) (width 0.1))
    (fp_line (start -1.6 0.8) (end -1.6 -0.8) (layer F.Fab) (width 0.1))
    (pad 2 smd roundrect (at 1.4 0 90) (size 1.25 1.75) (layers F.Cu F.Paste F.Mask) (roundrect_rratio 0.2)
      (net 1 GND))
    (pad 1 smd roundrect (at -1.4 0 90) (size 1.25 1.75) (layers F.Cu F.Paste F.Mask) (roundrect_rratio 0.2)
      (net 2 +3V3))
    (model ${KISYS3DMOD}/Capacitor_SMD.3dshapes/C_1206_3216Metric.wrl
      (at (xyz 0 0 0))
      (scale (xyz 1 1 1))
      (rotate (xyz 0 0 0))
    )
  )

  (module Capacitor_SMD:C_1206_3216Metric (layer F.Cu) (tedit 5B301BBE) (tstamp 5BA84E22)
    (at 159 60.9 90)
    (descr "Capacitor SMD 1206 (3216 Metric), square (rectangular) end terminal, IPC_7351 nominal, (Body size source: http://www.tortai-tech.com/upload/download/2011102023233369053.pdf), generated with kicad-footprint-generator")
    (tags capacitor)
    (path /5B9BD512/5B9BD756)
    (attr smd)
    (fp_text reference C4 (at 0 -1.82 90) (layer F.SilkS)
      (effects (font (size 1 1) (thickness 0.15)))
    )
    (fp_text value .1uF (at 0 1.82 90) (layer F.Fab)
      (effects (font (size 1 1) (thickness 0.15)))
    )
    (fp_line (start -1.6 0.8) (end -1.6 -0.8) (layer F.Fab) (width 0.1))
    (fp_line (start -1.6 -0.8) (end 1.6 -0.8) (layer F.Fab) (width 0.1))
    (fp_line (start 1.6 -0.8) (end 1.6 0.8) (layer F.Fab) (width 0.1))
    (fp_line (start 1.6 0.8) (end -1.6 0.8) (layer F.Fab) (width 0.1))
    (fp_line (start -0.602064 -0.91) (end 0.602064 -0.91) (layer F.SilkS) (width 0.12))
    (fp_line (start -0.602064 0.91) (end 0.602064 0.91) (layer F.SilkS) (width 0.12))
    (fp_line (start -2.28 1.12) (end -2.28 -1.12) (layer F.CrtYd) (width 0.05))
    (fp_line (start -2.28 -1.12) (end 2.28 -1.12) (layer F.CrtYd) (width 0.05))
    (fp_line (start 2.28 -1.12) (end 2.28 1.12) (layer F.CrtYd) (width 0.05))
    (fp_line (start 2.28 1.12) (end -2.28 1.12) (layer F.CrtYd) (width 0.05))
    (fp_text user %R (at 0 0 90) (layer F.Fab)
      (effects (font (size 0.8 0.8) (thickness 0.12)))
    )
    (pad 1 smd roundrect (at -1.4 0 90) (size 1.25 1.75) (layers F.Cu F.Paste F.Mask) (roundrect_rratio 0.2)
      (net 2 +3V3))
    (pad 2 smd roundrect (at 1.4 0 90) (size 1.25 1.75) (layers F.Cu F.Paste F.Mask) (roundrect_rratio 0.2)
      (net 1 GND))
    (model ${KISYS3DMOD}/Capacitor_SMD.3dshapes/C_1206_3216Metric.wrl
      (at (xyz 0 0 0))
      (scale (xyz 1 1 1))
      (rotate (xyz 0 0 0))
    )
  )

  (module Capacitor_SMD:C_1206_3216Metric (layer F.Cu) (tedit 5B301BBE) (tstamp 5BA84DC2)
    (at 159 54.2 270)
    (descr "Capacitor SMD 1206 (3216 Metric), square (rectangular) end terminal, IPC_7351 nominal, (Body size source: http://www.tortai-tech.com/upload/download/2011102023233369053.pdf), generated with kicad-footprint-generator")
    (tags capacitor)
    (path /5B9BD512/5B9BD757)
    (attr smd)
    (fp_text reference C5 (at 0 -1.82 270) (layer F.SilkS)
      (effects (font (size 1 1) (thickness 0.15)))
    )
    (fp_text value 1uF (at 0 1.82 270) (layer F.Fab)
      (effects (font (size 1 1) (thickness 0.15)))
    )
    (fp_text user %R (at 0 0 270) (layer F.Fab)
      (effects (font (size 0.8 0.8) (thickness 0.12)))
    )
    (fp_line (start 2.28 1.12) (end -2.28 1.12) (layer F.CrtYd) (width 0.05))
    (fp_line (start 2.28 -1.12) (end 2.28 1.12) (layer F.CrtYd) (width 0.05))
    (fp_line (start -2.28 -1.12) (end 2.28 -1.12) (layer F.CrtYd) (width 0.05))
    (fp_line (start -2.28 1.12) (end -2.28 -1.12) (layer F.CrtYd) (width 0.05))
    (fp_line (start -0.602064 0.91) (end 0.602064 0.91) (layer F.SilkS) (width 0.12))
    (fp_line (start -0.602064 -0.91) (end 0.602064 -0.91) (layer F.SilkS) (width 0.12))
    (fp_line (start 1.6 0.8) (end -1.6 0.8) (layer F.Fab) (width 0.1))
    (fp_line (start 1.6 -0.8) (end 1.6 0.8) (layer F.Fab) (width 0.1))
    (fp_line (start -1.6 -0.8) (end 1.6 -0.8) (layer F.Fab) (width 0.1))
    (fp_line (start -1.6 0.8) (end -1.6 -0.8) (layer F.Fab) (width 0.1))
    (pad 2 smd roundrect (at 1.4 0 270) (size 1.25 1.75) (layers F.Cu F.Paste F.Mask) (roundrect_rratio 0.2)
      (net 1 GND))
    (pad 1 smd roundrect (at -1.4 0 270) (size 1.25 1.75) (layers F.Cu F.Paste F.Mask) (roundrect_rratio 0.2)
      (net 2 +3V3))
    (model ${KISYS3DMOD}/Capacitor_SMD.3dshapes/C_1206_3216Metric.wrl
      (at (xyz 0 0 0))
      (scale (xyz 1 1 1))
      (rotate (xyz 0 0 0))
    )
  )

  (module Capacitor_SMD:C_1206_3216Metric (layer F.Cu) (tedit 5B301BBE) (tstamp 5BA84D92)
    (at 148.1 71.4 180)
    (descr "Capacitor SMD 1206 (3216 Metric), square (rectangular) end terminal, IPC_7351 nominal, (Body size source: http://www.tortai-tech.com/upload/download/2011102023233369053.pdf), generated with kicad-footprint-generator")
    (tags capacitor)
    (path /5B9BD512/5B9BD758)
    (attr smd)
    (fp_text reference C6 (at 0 -1.82 180) (layer F.SilkS)
      (effects (font (size 1 1) (thickness 0.15)))
    )
    (fp_text value .1uF (at 0 1.82 180) (layer F.Fab)
      (effects (font (size 1 1) (thickness 0.15)))
    )
    (fp_line (start -1.6 0.8) (end -1.6 -0.8) (layer F.Fab) (width 0.1))
    (fp_line (start -1.6 -0.8) (end 1.6 -0.8) (layer F.Fab) (width 0.1))
    (fp_line (start 1.6 -0.8) (end 1.6 0.8) (layer F.Fab) (width 0.1))
    (fp_line (start 1.6 0.8) (end -1.6 0.8) (layer F.Fab) (width 0.1))
    (fp_line (start -0.602064 -0.91) (end 0.602064 -0.91) (layer F.SilkS) (width 0.12))
    (fp_line (start -0.602064 0.91) (end 0.602064 0.91) (layer F.SilkS) (width 0.12))
    (fp_line (start -2.28 1.12) (end -2.28 -1.12) (layer F.CrtYd) (width 0.05))
    (fp_line (start -2.28 -1.12) (end 2.28 -1.12) (layer F.CrtYd) (width 0.05))
    (fp_line (start 2.28 -1.12) (end 2.28 1.12) (layer F.CrtYd) (width 0.05))
    (fp_line (start 2.28 1.12) (end -2.28 1.12) (layer F.CrtYd) (width 0.05))
    (fp_text user %R (at 0 0 180) (layer F.Fab)
      (effects (font (size 0.8 0.8) (thickness 0.12)))
    )
    (pad 1 smd roundrect (at -1.4 0 180) (size 1.25 1.75) (layers F.Cu F.Paste F.Mask) (roundrect_rratio 0.2)
      (net 2 +3V3))
    (pad 2 smd roundrect (at 1.4 0 180) (size 1.25 1.75) (layers F.Cu F.Paste F.Mask) (roundrect_rratio 0.2)
      (net 1 GND))
    (model ${KISYS3DMOD}/Capacitor_SMD.3dshapes/C_1206_3216Metric.wrl
      (at (xyz 0 0 0))
      (scale (xyz 1 1 1))
      (rotate (xyz 0 0 0))
    )
  )

  (module Capacitor_SMD:C_1206_3216Metric (layer F.Cu) (tedit 5B301BBE) (tstamp 5BA84D62)
    (at 141.7 71.3)
    (descr "Capacitor SMD 1206 (3216 Metric), square (rectangular) end terminal, IPC_7351 nominal, (Body size source: http://www.tortai-tech.com/upload/download/2011102023233369053.pdf), generated with kicad-footprint-generator")
    (tags capacitor)
    (path /5B9BD512/5B9BD759)
    (attr smd)
    (fp_text reference C7 (at 0 -1.82) (layer F.SilkS)
      (effects (font (size 1 1) (thickness 0.15)))
    )
    (fp_text value 1uF (at 0 1.82) (layer F.Fab)
      (effects (font (size 1 1) (thickness 0.15)))
    )
    (fp_text user %R (at 0 0) (layer F.Fab)
      (effects (font (size 0.8 0.8) (thickness 0.12)))
    )
    (fp_line (start 2.28 1.12) (end -2.28 1.12) (layer F.CrtYd) (width 0.05))
    (fp_line (start 2.28 -1.12) (end 2.28 1.12) (layer F.CrtYd) (width 0.05))
    (fp_line (start -2.28 -1.12) (end 2.28 -1.12) (layer F.CrtYd) (width 0.05))
    (fp_line (start -2.28 1.12) (end -2.28 -1.12) (layer F.CrtYd) (width 0.05))
    (fp_line (start -0.602064 0.91) (end 0.602064 0.91) (layer F.SilkS) (width 0.12))
    (fp_line (start -0.602064 -0.91) (end 0.602064 -0.91) (layer F.SilkS) (width 0.12))
    (fp_line (start 1.6 0.8) (end -1.6 0.8) (layer F.Fab) (width 0.1))
    (fp_line (start 1.6 -0.8) (end 1.6 0.8) (layer F.Fab) (width 0.1))
    (fp_line (start -1.6 -0.8) (end 1.6 -0.8) (layer F.Fab) (width 0.1))
    (fp_line (start -1.6 0.8) (end -1.6 -0.8) (layer F.Fab) (width 0.1))
    (pad 2 smd roundrect (at 1.4 0) (size 1.25 1.75) (layers F.Cu F.Paste F.Mask) (roundrect_rratio 0.2)
      (net 1 GND))
    (pad 1 smd roundrect (at -1.4 0) (size 1.25 1.75) (layers F.Cu F.Paste F.Mask) (roundrect_rratio 0.2)
      (net 2 +3V3))
    (model ${KISYS3DMOD}/Capacitor_SMD.3dshapes/C_1206_3216Metric.wrl
      (at (xyz 0 0 0))
      (scale (xyz 1 1 1))
      (rotate (xyz 0 0 0))
    )
  )

  (module Capacitor_SMD:CP_Elec_5x5.3 (layer F.Cu) (tedit 5B3026A2) (tstamp 5BAA69A0)
    (at 117.2 49.2 90)
    (descr "SMT capacitor, aluminium electrolytic, 5x5.3, Nichicon ")
    (tags "Capacitor Electrolytic")
    (path /5B9BD512/5B9BD752)
    (attr smd)
    (fp_text reference C8 (at 0 -3.7 90) (layer F.SilkS)
      (effects (font (size 1 1) (thickness 0.15)))
    )
    (fp_text value 100uF (at 0 3.7 90) (layer F.Fab)
      (effects (font (size 1 1) (thickness 0.15)))
    )
    (fp_circle (center 0 0) (end 2.5 0) (layer F.Fab) (width 0.1))
    (fp_line (start 2.65 -2.65) (end 2.65 2.65) (layer F.Fab) (width 0.1))
    (fp_line (start -1.65 -2.65) (end 2.65 -2.65) (layer F.Fab) (width 0.1))
    (fp_line (start -1.65 2.65) (end 2.65 2.65) (layer F.Fab) (width 0.1))
    (fp_line (start -2.65 -1.65) (end -2.65 1.65) (layer F.Fab) (width 0.1))
    (fp_line (start -2.65 -1.65) (end -1.65 -2.65) (layer F.Fab) (width 0.1))
    (fp_line (start -2.65 1.65) (end -1.65 2.65) (layer F.Fab) (width 0.1))
    (fp_line (start -2.033956 -1.2) (end -1.533956 -1.2) (layer F.Fab) (width 0.1))
    (fp_line (start -1.783956 -1.45) (end -1.783956 -0.95) (layer F.Fab) (width 0.1))
    (fp_line (start 2.76 2.76) (end 2.76 1.06) (layer F.SilkS) (width 0.12))
    (fp_line (start 2.76 -2.76) (end 2.76 -1.06) (layer F.SilkS) (width 0.12))
    (fp_line (start -1.695563 -2.76) (end 2.76 -2.76) (layer F.SilkS) (width 0.12))
    (fp_line (start -1.695563 2.76) (end 2.76 2.76) (layer F.SilkS) (width 0.12))
    (fp_line (start -2.76 1.695563) (end -2.76 1.06) (layer F.SilkS) (width 0.12))
    (fp_line (start -2.76 -1.695563) (end -2.76 -1.06) (layer F.SilkS) (width 0.12))
    (fp_line (start -2.76 -1.695563) (end -1.695563 -2.76) (layer F.SilkS) (width 0.12))
    (fp_line (start -2.76 1.695563) (end -1.695563 2.76) (layer F.SilkS) (width 0.12))
    (fp_line (start -3.625 -1.685) (end -3 -1.685) (layer F.SilkS) (width 0.12))
    (fp_line (start -3.3125 -1.9975) (end -3.3125 -1.3725) (layer F.SilkS) (width 0.12))
    (fp_line (start 2.9 -2.9) (end 2.9 -1.05) (layer F.CrtYd) (width 0.05))
    (fp_line (start 2.9 -1.05) (end 3.95 -1.05) (layer F.CrtYd) (width 0.05))
    (fp_line (start 3.95 -1.05) (end 3.95 1.05) (layer F.CrtYd) (width 0.05))
    (fp_line (start 3.95 1.05) (end 2.9 1.05) (layer F.CrtYd) (width 0.05))
    (fp_line (start 2.9 1.05) (end 2.9 2.9) (layer F.CrtYd) (width 0.05))
    (fp_line (start -1.75 2.9) (end 2.9 2.9) (layer F.CrtYd) (width 0.05))
    (fp_line (start -1.75 -2.9) (end 2.9 -2.9) (layer F.CrtYd) (width 0.05))
    (fp_line (start -2.9 1.75) (end -1.75 2.9) (layer F.CrtYd) (width 0.05))
    (fp_line (start -2.9 -1.75) (end -1.75 -2.9) (layer F.CrtYd) (width 0.05))
    (fp_line (start -2.9 -1.75) (end -2.9 -1.05) (layer F.CrtYd) (width 0.05))
    (fp_line (start -2.9 1.05) (end -2.9 1.75) (layer F.CrtYd) (width 0.05))
    (fp_line (start -2.9 -1.05) (end -3.95 -1.05) (layer F.CrtYd) (width 0.05))
    (fp_line (start -3.95 -1.05) (end -3.95 1.05) (layer F.CrtYd) (width 0.05))
    (fp_line (start -3.95 1.05) (end -2.9 1.05) (layer F.CrtYd) (width 0.05))
    (fp_text user %R (at 0 0 90) (layer F.Fab)
      (effects (font (size 1 1) (thickness 0.15)))
    )
    (pad 1 smd rect (at -2.2 0 90) (size 3 1.6) (layers F.Cu F.Paste F.Mask)
      (net 2 +3V3))
    (pad 2 smd rect (at 2.2 0 90) (size 3 1.6) (layers F.Cu F.Paste F.Mask)
      (net 1 GND))
    (model ${KISYS3DMOD}/Capacitor_SMD.3dshapes/CP_Elec_5x5.3.wrl
      (at (xyz 0 0 0))
      (scale (xyz 1 1 1))
      (rotate (xyz 0 0 0))
    )
  )

  (module Capacitor_SMD:C_1206_3216Metric (layer F.Cu) (tedit 5B301BBE) (tstamp 5BA84DF2)
    (at 132.1 61.1 90)
    (descr "Capacitor SMD 1206 (3216 Metric), square (rectangular) end terminal, IPC_7351 nominal, (Body size source: http://www.tortai-tech.com/upload/download/2011102023233369053.pdf), generated with kicad-footprint-generator")
    (tags capacitor)
    (path /5B9BD512/5B9BD75A)
    (attr smd)
    (fp_text reference C9 (at 0 -1.82 90) (layer F.SilkS)
      (effects (font (size 1 1) (thickness 0.15)))
    )
    (fp_text value .1uF (at 0 1.82 90) (layer F.Fab)
      (effects (font (size 1 1) (thickness 0.15)))
    )
    (fp_line (start -1.6 0.8) (end -1.6 -0.8) (layer F.Fab) (width 0.1))
    (fp_line (start -1.6 -0.8) (end 1.6 -0.8) (layer F.Fab) (width 0.1))
    (fp_line (start 1.6 -0.8) (end 1.6 0.8) (layer F.Fab) (width 0.1))
    (fp_line (start 1.6 0.8) (end -1.6 0.8) (layer F.Fab) (width 0.1))
    (fp_line (start -0.602064 -0.91) (end 0.602064 -0.91) (layer F.SilkS) (width 0.12))
    (fp_line (start -0.602064 0.91) (end 0.602064 0.91) (layer F.SilkS) (width 0.12))
    (fp_line (start -2.28 1.12) (end -2.28 -1.12) (layer F.CrtYd) (width 0.05))
    (fp_line (start -2.28 -1.12) (end 2.28 -1.12) (layer F.CrtYd) (width 0.05))
    (fp_line (start 2.28 -1.12) (end 2.28 1.12) (layer F.CrtYd) (width 0.05))
    (fp_line (start 2.28 1.12) (end -2.28 1.12) (layer F.CrtYd) (width 0.05))
    (fp_text user %R (at 0 0 90) (layer F.Fab)
      (effects (font (size 0.8 0.8) (thickness 0.12)))
    )
    (pad 1 smd roundrect (at -1.4 0 90) (size 1.25 1.75) (layers F.Cu F.Paste F.Mask) (roundrect_rratio 0.2)
      (net 2 +3V3))
    (pad 2 smd roundrect (at 1.4 0 90) (size 1.25 1.75) (layers F.Cu F.Paste F.Mask) (roundrect_rratio 0.2)
      (net 1 GND))
    (model ${KISYS3DMOD}/Capacitor_SMD.3dshapes/C_1206_3216Metric.wrl
      (at (xyz 0 0 0))
      (scale (xyz 1 1 1))
      (rotate (xyz 0 0 0))
    )
  )

  (module Capacitor_SMD:C_1206_3216Metric (layer F.Cu) (tedit 5B301BBE) (tstamp 5BA86EF8)
    (at 132 80.9)
    (descr "Capacitor SMD 1206 (3216 Metric), square (rectangular) end terminal, IPC_7351 nominal, (Body size source: http://www.tortai-tech.com/upload/download/2011102023233369053.pdf), generated with kicad-footprint-generator")
    (tags capacitor)
    (path /5B9C0C81/5B9C174F/5B9C1967)
    (attr smd)
    (fp_text reference C10 (at 0 -1.82) (layer F.SilkS)
      (effects (font (size 1 1) (thickness 0.15)))
    )
    (fp_text value .1u (at 0 1.82) (layer F.Fab)
      (effects (font (size 1 1) (thickness 0.15)))
    )
    (fp_line (start -1.6 0.8) (end -1.6 -0.8) (layer F.Fab) (width 0.1))
    (fp_line (start -1.6 -0.8) (end 1.6 -0.8) (layer F.Fab) (width 0.1))
    (fp_line (start 1.6 -0.8) (end 1.6 0.8) (layer F.Fab) (width 0.1))
    (fp_line (start 1.6 0.8) (end -1.6 0.8) (layer F.Fab) (width 0.1))
    (fp_line (start -0.602064 -0.91) (end 0.602064 -0.91) (layer F.SilkS) (width 0.12))
    (fp_line (start -0.602064 0.91) (end 0.602064 0.91) (layer F.SilkS) (width 0.12))
    (fp_line (start -2.28 1.12) (end -2.28 -1.12) (layer F.CrtYd) (width 0.05))
    (fp_line (start -2.28 -1.12) (end 2.28 -1.12) (layer F.CrtYd) (width 0.05))
    (fp_line (start 2.28 -1.12) (end 2.28 1.12) (layer F.CrtYd) (width 0.05))
    (fp_line (start 2.28 1.12) (end -2.28 1.12) (layer F.CrtYd) (width 0.05))
    (fp_text user %R (at 0 0) (layer F.Fab)
      (effects (font (size 0.8 0.8) (thickness 0.12)))
    )
    (pad 1 smd roundrect (at -1.4 0) (size 1.25 1.75) (layers F.Cu F.Paste F.Mask) (roundrect_rratio 0.2)
      (net 1 GND))
    (pad 2 smd roundrect (at 1.4 0) (size 1.25 1.75) (layers F.Cu F.Paste F.Mask) (roundrect_rratio 0.2)
      (net 2 +3V3))
    (model ${KISYS3DMOD}/Capacitor_SMD.3dshapes/C_1206_3216Metric.wrl
      (at (xyz 0 0 0))
      (scale (xyz 1 1 1))
      (rotate (xyz 0 0 0))
    )
  )

  (module Capacitor_SMD:C_1206_3216Metric (layer F.Cu) (tedit 5B301BBE) (tstamp 5BA848A6)
    (at 124.6 102.3 270)
    (descr "Capacitor SMD 1206 (3216 Metric), square (rectangular) end terminal, IPC_7351 nominal, (Body size source: http://www.tortai-tech.com/upload/download/2011102023233369053.pdf), generated with kicad-footprint-generator")
    (tags capacitor)
    (path /5B9C0C81/5B9C174F/5B9C195A)
    (attr smd)
    (fp_text reference C11 (at 0 -1.82 270) (layer F.SilkS)
      (effects (font (size 1 1) (thickness 0.15)))
    )
    (fp_text value .1u (at 0 1.82 270) (layer F.Fab)
      (effects (font (size 1 1) (thickness 0.15)))
    )
    (fp_text user %R (at 0.4 0.6 90) (layer F.Fab)
      (effects (font (size 0.8 0.8) (thickness 0.12)))
    )
    (fp_line (start 2.28 1.12) (end -2.28 1.12) (layer F.CrtYd) (width 0.05))
    (fp_line (start 2.28 -1.12) (end 2.28 1.12) (layer F.CrtYd) (width 0.05))
    (fp_line (start -2.28 -1.12) (end 2.28 -1.12) (layer F.CrtYd) (width 0.05))
    (fp_line (start -2.28 1.12) (end -2.28 -1.12) (layer F.CrtYd) (width 0.05))
    (fp_line (start -0.602064 0.91) (end 0.602064 0.91) (layer F.SilkS) (width 0.12))
    (fp_line (start -0.602064 -0.91) (end 0.602064 -0.91) (layer F.SilkS) (width 0.12))
    (fp_line (start 1.6 0.8) (end -1.6 0.8) (layer F.Fab) (width 0.1))
    (fp_line (start 1.6 -0.8) (end 1.6 0.8) (layer F.Fab) (width 0.1))
    (fp_line (start -1.6 -0.8) (end 1.6 -0.8) (layer F.Fab) (width 0.1))
    (fp_line (start -1.6 0.8) (end -1.6 -0.8) (layer F.Fab) (width 0.1))
    (pad 2 smd roundrect (at 1.4 0 270) (size 1.25 1.75) (layers F.Cu F.Paste F.Mask) (roundrect_rratio 0.2)
      (net 2 +3V3))
    (pad 1 smd roundrect (at -1.4 0 270) (size 1.25 1.75) (layers F.Cu F.Paste F.Mask) (roundrect_rratio 0.2)
      (net 1 GND))
    (model ${KISYS3DMOD}/Capacitor_SMD.3dshapes/C_1206_3216Metric.wrl
      (at (xyz 0 0 0))
      (scale (xyz 1 1 1))
      (rotate (xyz 0 0 0))
    )
  )

  (module Package_TO_SOT_SMD:SOT-23 (layer F.Cu) (tedit 5A02FF57) (tstamp 5BA8486E)
    (at 148.1 87.3 180)
    (descr "SOT-23, Standard")
    (tags SOT-23)
    (path /5B9C0C81/5B9C174F/5B9C1968)
    (attr smd)
    (fp_text reference D1 (at 0 -2.5 180) (layer F.SilkS)
      (effects (font (size 1 1) (thickness 0.15)))
    )
    (fp_text value D_TVS_x2_AAC (at 0 2.5 180) (layer F.Fab)
      (effects (font (size 1 1) (thickness 0.15)))
    )
    (fp_text user %R (at 0 0 270) (layer F.Fab)
      (effects (font (size 0.5 0.5) (thickness 0.075)))
    )
    (fp_line (start -0.7 -0.95) (end -0.7 1.5) (layer F.Fab) (width 0.1))
    (fp_line (start -0.15 -1.52) (end 0.7 -1.52) (layer F.Fab) (width 0.1))
    (fp_line (start -0.7 -0.95) (end -0.15 -1.52) (layer F.Fab) (width 0.1))
    (fp_line (start 0.7 -1.52) (end 0.7 1.52) (layer F.Fab) (width 0.1))
    (fp_line (start -0.7 1.52) (end 0.7 1.52) (layer F.Fab) (width 0.1))
    (fp_line (start 0.76 1.58) (end 0.76 0.65) (layer F.SilkS) (width 0.12))
    (fp_line (start 0.76 -1.58) (end 0.76 -0.65) (layer F.SilkS) (width 0.12))
    (fp_line (start -1.7 -1.75) (end 1.7 -1.75) (layer F.CrtYd) (width 0.05))
    (fp_line (start 1.7 -1.75) (end 1.7 1.75) (layer F.CrtYd) (width 0.05))
    (fp_line (start 1.7 1.75) (end -1.7 1.75) (layer F.CrtYd) (width 0.05))
    (fp_line (start -1.7 1.75) (end -1.7 -1.75) (layer F.CrtYd) (width 0.05))
    (fp_line (start 0.76 -1.58) (end -1.4 -1.58) (layer F.SilkS) (width 0.12))
    (fp_line (start 0.76 1.58) (end -0.7 1.58) (layer F.SilkS) (width 0.12))
    (pad 1 smd rect (at -1 -0.95 180) (size 0.9 0.8) (layers F.Cu F.Paste F.Mask)
      (net 3 "Net-(D1-Pad1)"))
    (pad 2 smd rect (at -1 0.95 180) (size 0.9 0.8) (layers F.Cu F.Paste F.Mask)
      (net 4 "Net-(D1-Pad2)"))
    (pad 3 smd rect (at 1 0 180) (size 0.9 0.8) (layers F.Cu F.Paste F.Mask)
      (net 1 GND))
    (model ${KISYS3DMOD}/Package_TO_SOT_SMD.3dshapes/SOT-23.wrl
      (at (xyz 0 0 0))
      (scale (xyz 1 1 1))
      (rotate (xyz 0 0 0))
    )
  )

  (module Package_TO_SOT_SMD:SOT-23 (layer F.Cu) (tedit 5A02FF57) (tstamp 5BA84832)
    (at 118.05 117.5 90)
    (descr "SOT-23, Standard")
    (tags SOT-23)
    (path /5B9C0C81/5B9C174F/5B9C195B)
    (attr smd)
    (fp_text reference D2 (at 0 -2.5 90) (layer F.SilkS)
      (effects (font (size 1 1) (thickness 0.15)))
    )
    (fp_text value D_TVS_x2_AAC (at 0 2.5 90) (layer F.Fab)
      (effects (font (size 1 1) (thickness 0.15)))
    )
    (fp_line (start 0.76 1.58) (end -0.7 1.58) (layer F.SilkS) (width 0.12))
    (fp_line (start 0.76 -1.58) (end -1.4 -1.58) (layer F.SilkS) (width 0.12))
    (fp_line (start -1.7 1.75) (end -1.7 -1.75) (layer F.CrtYd) (width 0.05))
    (fp_line (start 1.7 1.75) (end -1.7 1.75) (layer F.CrtYd) (width 0.05))
    (fp_line (start 1.7 -1.75) (end 1.7 1.75) (layer F.CrtYd) (width 0.05))
    (fp_line (start -1.7 -1.75) (end 1.7 -1.75) (layer F.CrtYd) (width 0.05))
    (fp_line (start 0.76 -1.58) (end 0.76 -0.65) (layer F.SilkS) (width 0.12))
    (fp_line (start 0.76 1.58) (end 0.76 0.65) (layer F.SilkS) (width 0.12))
    (fp_line (start -0.7 1.52) (end 0.7 1.52) (layer F.Fab) (width 0.1))
    (fp_line (start 0.7 -1.52) (end 0.7 1.52) (layer F.Fab) (width 0.1))
    (fp_line (start -0.7 -0.95) (end -0.15 -1.52) (layer F.Fab) (width 0.1))
    (fp_line (start -0.15 -1.52) (end 0.7 -1.52) (layer F.Fab) (width 0.1))
    (fp_line (start -0.7 -0.95) (end -0.7 1.5) (layer F.Fab) (width 0.1))
    (fp_text user %R (at 0 0 180) (layer F.Fab)
      (effects (font (size 0.5 0.5) (thickness 0.075)))
    )
    (pad 3 smd rect (at 1 0 90) (size 0.9 0.8) (layers F.Cu F.Paste F.Mask)
      (net 1 GND))
    (pad 2 smd rect (at -1 0.95 90) (size 0.9 0.8) (layers F.Cu F.Paste F.Mask)
      (net 5 "Net-(D2-Pad2)"))
    (pad 1 smd rect (at -1 -0.95 90) (size 0.9 0.8) (layers F.Cu F.Paste F.Mask)
      (net 6 "Net-(D2-Pad1)"))
    (model ${KISYS3DMOD}/Package_TO_SOT_SMD.3dshapes/SOT-23.wrl
      (at (xyz 0 0 0))
      (scale (xyz 1 1 1))
      (rotate (xyz 0 0 0))
    )
  )

  (module Resistor_SMD:R_1812_4532Metric (layer F.Cu) (tedit 5B301BBD) (tstamp 5BA847FE)
    (at 156.838 86.3 180)
    (descr "Resistor SMD 1812 (4532 Metric), square (rectangular) end terminal, IPC_7351 nominal, (Body size source: https://www.nikhef.nl/pub/departments/mt/projects/detectorR_D/dtddice/ERJ2G.pdf), generated with kicad-footprint-generator")
    (tags resistor)
    (path /5B9C0C81/5B9C174F/5B9C196B)
    (attr smd)
    (fp_text reference F1 (at 0 -2.65 180) (layer F.SilkS)
      (effects (font (size 1 1) (thickness 0.15)))
    )
    (fp_text value Polyfuse_Small (at 0 2.65 180) (layer F.Fab)
      (effects (font (size 1 1) (thickness 0.15)))
    )
    (fp_line (start -2.25 1.6) (end -2.25 -1.6) (layer F.Fab) (width 0.1))
    (fp_line (start -2.25 -1.6) (end 2.25 -1.6) (layer F.Fab) (width 0.1))
    (fp_line (start 2.25 -1.6) (end 2.25 1.6) (layer F.Fab) (width 0.1))
    (fp_line (start 2.25 1.6) (end -2.25 1.6) (layer F.Fab) (width 0.1))
    (fp_line (start -1.386252 -1.71) (end 1.386252 -1.71) (layer F.SilkS) (width 0.12))
    (fp_line (start -1.386252 1.71) (end 1.386252 1.71) (layer F.SilkS) (width 0.12))
    (fp_line (start -2.95 1.95) (end -2.95 -1.95) (layer F.CrtYd) (width 0.05))
    (fp_line (start -2.95 -1.95) (end 2.95 -1.95) (layer F.CrtYd) (width 0.05))
    (fp_line (start 2.95 -1.95) (end 2.95 1.95) (layer F.CrtYd) (width 0.05))
    (fp_line (start 2.95 1.95) (end -2.95 1.95) (layer F.CrtYd) (width 0.05))
    (fp_text user %R (at 0 0 180) (layer F.Fab)
      (effects (font (size 1 1) (thickness 0.15)))
    )
    (pad 1 smd roundrect (at -2.1375 0 180) (size 1.125 3.4) (layers F.Cu F.Paste F.Mask) (roundrect_rratio 0.222222)
      (net 7 "/C-D/serial/AngleRS485B(+)"))
